fx: 1.9
fy: 1.9
cx: 960
cy: 540
k1: -0.792
k2: -0.597
p1: -0.184
p2: 0
k3: 0
width: 1920
height: 1080
